Firmware            |                                   SGTaint                                   |                          OctopusTaint                          |               Mangodfa              
                    |   BinFiles |    Time(s) |      PathC |      PathS |      PathL |   Vul(N+0) |   BinFiles |    Time(s) |      PathC |      PathS |   Vul(N+0) |    Time(s) |      PathS |   Vul(N+0)
---------------------------------------------------------------------------------------------------------------------------------------------------------------------------------------------------------
D-Link-DIR-878      |         11 |    3992.97 |        687 |        296 |         21 |    11(5+6) |          2 |    5559.45 |        314 |        169 |    10(5+5) |   10932.86 |         54 |     3(0+3) 
D-Link-DIR-882      |         13 |    6284.91 |       1288 |        308 |         19 |    10(2+8) |          3 |    7830.87 |         73 |         20 |     2(2+0) |   40285.41 |         58 |     2(2+0) 
D-Link-DIR-816      |         13 |   10903.88 |        209 |         82 |         19 |     7(1+6) |          3 |   11246.86 |         79 |         31 |     6(1+5) |   11319.30 |          5 |     0(0+0)
Linksys-RE7000      |         14 |    7185.12 |        113 |         36 |          2 |     1(0+1) |          3 |   12812.10 |          0 |          0 |     0(0+0) |   29549.22 |          7 |     0(0+0)
Linksys-E1200       |         16 |   19505.98 |        727 |        409 |         25 |   11(0+11) |          3 |   24520.63 |        515 |        290 |   10(0+10) |   19001.69 |         25 |   11(0+11) 
Linksys-E7350       |          5 |    3909.59 |         45 |         22 |          3 |     1(0+1) |          2 |    6842.61 |          0 |          0 |     0(0+0) |    1294.23 |          1 |     0(0+0)
Netgear-R6200       |         25 |   13044.20 |       2287 |       1607 |         44 |   13(0+13) |          3 |   15184.45 |       1840 |       1321 |   13(0+13) |   25080.80 |        178 |   12(0+12) 
Netgear-R6300       |         24 |   15607.03 |       1895 |       1183 |         38 |   13(0+13) |          3 |   19793.69 |       1362 |        876 |   13(0+13) |   33466.60 |        303 |   13(0+13) 
Netgear-R7000P      |         45 |   29505.90 |      17268 |       4968 |          4 |     2(0+2) |          3 |   32697.05 |       4860 |       3206 |     0(0+0) |   73874.27 |        249 |     2(0+2) 
ToToLink-A720R      |         16 |    2835.08 |         95 |         70 |         10 |     5(0+5) |          1 |    7821.29 |          6 |          5 |     1(0+1) |   27154.72 |          0 |     0(0+0) 
ToToLink-LR1200GB   |         10 |    3985.04 |        178 |        123 |          7 |     9(4+5) |          3 |    4594.57 |         63 |         51 |     9(4+5) |   25108.63 |         53 |     9(4+5) 
ToToLink-A950RG     |         22 |    2959.54 |        180 |        102 |         12 |     2(0+2) |          2 |    2689.00 |         13 |          8 |     0(0+0) |   43429.32 |          0 |     0(0+0) 
ToToLink-NR1800X    |          8 |    4025.43 |        177 |        119 |          5 |     8(4+4) |          3 |    8576.50 |         67 |         50 |     8(4+4) |    6430.51 |         74 |     8(4+4) 
---------------------------------------------------------------------------------------------------------------------------------------------------------------------------------------------------------
Total               |        222 |  123744.67 |      25149 |       9325 |        209 |  93(16+77) |         34 |  160169.07 |       9192 |       6027 |  72(16+56) |  346927.54 |       1007 |  60(10+50) 
Average             |         17 |    9518.82 |       1934 |        717 |         16 |     7(1+6) |          2 |   12320.70 |        707 |        463 |     5(1+4) |   26686.73 |         77 |     5(1+4) 
