File Mark                      | Binary Files | Total Time(s)  | Sanit Cross  | Path Complete  | Path Sanitization
-------------------------------------------------------------------------------------------------------------------
DIR-878                        | 2            | 5559.45        | 66           | 314            | 169             
DIR-816                        | 3            | 11246.86       | 0            | 79             | 31              
A720R                          | 1            | 7821.29        | 0            | 6              | 5               
LR1200GB                       | 3            | 4594.57        | 0            | 63             | 51              
NR1800X                        | 3            | 8576.50        | 0            | 67             | 50              
E1200                          | 3            | 24520.63       | 0            | 515            | 290             
RE7000                         | 3            | 12812.10       | 0            | 0              | 0               
E7350                          | 2            | 6842.61        | 0            | 0              | 0               
DIR-882                        | 3            | 7830.87        | 0            | 73             | 20              
R6200                          | 3            | 15184.45       | 526          | 1840           | 1321            
R6300                          | 3            | 19793.69       | 321          | 1362           | 876             
R7000P                         | 3            | 32697.05       | 2268         | 4860           | 3206            
A950RG                         | 2            | 2689.00        | 0            | 13             | 8               
