Firmware                       | BinFiles  | Time(s)   | SGTime(s)  | ARTime(s)  | Funcs  | PathC  | PathS  | PathSC  | PathR 
-------------------------------------------------------------------------------------------------------------------------------
D-Link-DIR-878                 | 11        | 3992.97   | 1107.56    | 10.72      | 675    | 687    | 296    | 84      | 33    
D-Link-DIR-816                 | 13        | 10903.88  | 1061.73    | 27.66      | 484    | 209    | 82     | 0       | 13    
D-Link-COVR-2600R              | 6         | 2784.86   | 538.59     | 23.99      | 227    | 106    | 9      | 0       | 1     
D-Link-DIR-846                 | 5         | 698.68    | 485.03     | 5.10       | 42     | 4      | 0      | 0       | 0     
ToToLink-A720R                 | 16        | 2835.08   | 518.99     | 10.07      | 465    | 95     | 70     | 0       | 18    
ToToLink-LR1200GB              | 10        | 3985.04   | 1318.93    | 8.78       | 850    | 178    | 123    | 0       | 40    
ToToLink-NR1800X               | 8         | 4025.43   | 1192.57    | 9.84       | 787    | 177    | 119    | 0       | 31    
ToToLink-A3300R                | 5         | 679.82    | 352.70     | 25.11      | 9      | 0      | 0      | 0       | 0     
ToToLink-X2000R                | 3         | 1600.37   | 681.18     | 15.48      | 60     | 1      | 1      | 0       | 1     
ToToLink-X5000R                | 6         | 233.10    | 177.39     | 0.00       | 0      | 0      | 0      | 0       | 0     
ToToLink-X6000R                | 7         | 728.22    | 383.26     | 6.07       | 76     | 0      | 0      | 0       | 0     
Netgear-BE9300                 | 17        | 17401.04  | 8185.24    | 14.61      | 1206   | 32     | 1      | 0       | 0     
Netgear-EX6100                 | 24        | 10369.91  | 2614.51    | 15.21      | 1336   | 8730   | 3444   | 2146    | 1043  
Netgear-EX6120                 | 21        | 14972.56  | 2280.92    | 24.57      | 996    | 3095   | 1099   | 813     | 342   
Linksys-E1200                  | 16        | 19505.98  | 2449.96    | 23.20      | 1121   | 727    | 409    | 0       | 45    
Linksys-RE7000                 | 14        | 7185.12   | 461.76     | 72.68      | 171    | 113    | 36     | 0       | 5     
Linksys-E5600                  | 10        | 910.07    | 620.87     | 11.67      | 43     | 3      | 1      | 0       | 1     
Linksys-EA7200                 | 4         | 5739.66   | 2151.10    | 24.78      | 220    | 17     | 13     | 0       | 3     
Linksys-E7350                  | 5         | 3909.59   | 270.86     | 31.32      | 122    | 45     | 22     | 0       | 10    
Linksys-E8450                  | 11        | 6105.13   | 1072.44    | 26.86      | 452    | 12     | 11     | 0       | 0     
Linksys-EA7450                 | 5         | 4887.91   | 1964.25    | 40.27      | 137    | 17     | 13     | 0       | 3     
Linksys-LN1400                 | 7         | 3596.22   | 1826.11    | 52.05      | 84     | 8      | 1      | 0       | 0     
Linksys-WRT1900                | 6         | 4264.03   | 744.23     | 29.80      | 153    | 14     | 1      | 0       | 0     
ASUS-4G-AC53U                  | 31        | 20093.28  | 3287.23    | 15.42      | 1783   | 1069   | 206    | 18      | 4     
ASUS-4G-AX56                   | 27        | 26022.86  | 3431.39    | 13.25      | 3639   | 2201   | 771    | 123     | 303   
PepLink-24_PoE_Switch_2.0.1    | 4         | 8172.39   | 3413.66    | 40.64      | 214    | 65     | 12     | 0       | 10    
PepLink-8_PoE_Switch_2.0.2     | 4         | 8222.16   | 3377.45    | 39.32      | 224    | 70     | 10     | 0       | 9     
PepLink-48_PoE_Switch_2.0.1    | 4         | 8172.39   | 3413.66    | 40.64      | 214    | 65     | 12     | 0       | 10    
TP-Link-A54                    | 5         | 1529.58   | 230.49     | 18.00      | 119    | 29     | 5      | 0       | 1     
TP-Link-AX90                   | 7         | 8451.27   | 1849.85    | 12.69      | 595    | 32     | 4      | 0       | 0     
TP-Link-C20                    | 9         | 2548.64   | 873.29     | 12.68      | 359    | 29     | 5      | 0       | 2     
TP-Link-WR902AC                | 6         | 2966.13   | 1051.20    | 23.41      | 164    | 33     | 6      | 0       | 2     
D-Link-DIR-823G                | 16        | 7768.98   | 501.36     | 22.58      | 483    | 162    | 93     | 0       | 30    
D-Link-DIR-859                 | 6         | 4845.17   | 402.20     | 31.96      | 225    | 49     | 24     | 0       | 0     
D-Link-DIR-882                 | 13        | 6284.91   | 2874.06    | 14.40      | 905    | 1288   | 308    | 69      | 32    
Netgear-R6200                  | 25        | 13044.20  | 3455.83    | 15.99      | 1192   | 2287   | 1607   | 607     | 183   
Netgear-R6300                  | 24        | 15607.03  | 3370.30    | 20.15      | 1210   | 1895   | 1183   | 398     | 213   
Netgear-R6350                  | 45        | 8876.49   | 4363.70    | 5.43       | 2778   | 1146   | 649    | 3       | 79    
Netgear-R7000P                 | 45        | 29505.90  | 4600.85    | 19.56      | 2464   | 17268  | 4968   | 3495    | 30    
ToToLink-A950RG                | 22        | 2959.54   | 593.27     | 15.07      | 414    | 180    | 102    | 11      | 25    
ToToLink-T10                   | 27        | 5127.61   | 624.69     | 19.89      | 542    | 371    | 235    | 55      | 24    
Motorola-C1                    | 9         | 545.28    | 366.93     | 6.09       | 65     | 6      | 0      | 0       | 0     
Motorola-M2                    | 9         | 563.62    | 374.92     | 6.62       | 63     | 7      | 0      | 0       | 0     
AXIS-P1367                     | 16        | 4094.12   | 1260.24    | 42.05      | 169    | 60     | 1      | 0       | 0     
AXIS-Q1645                     | 16        | 5051.81   | 1238.66    | 49.72      | 169    | 58     | 1      | 0       | 0     
Tenda-AC12                     | 20        | 14988.36  | 2086.17    | 10.22      | 2215   | 1184   | 697    | 171     | 247   
Tenda-AC15                     | 24        | 8988.93   | 2434.47    | 9.85       | 2206   | 803    | 426    | 0       | 150   
Tenda-AC18                     | 20        | 9757.23   | 1882.62    | 6.70       | 2123   | 786    | 411    | 6       | 81    
Tenda-G0                       | 7         | 16691.19  | 1292.02    | 12.11      | 1416   | 446    | 243    | 16      | 86    
Tenda-G3                       | 11        | 5895.91   | 1740.04    | 4.60       | 2219   | 204    | 165    | 0       | 4     
Tenda-W20E                     | 11        | 10593.88  | 1602.71    | 4.61       | 2552   | 222    | 155    | 0       | 0     
-------------------------------------------------------------------------------------------------------------------------------
Total                          | 693       | 388683.53 | 88453.44   | 1043.49    | 40437  | 46285  | 18050  | 8015    | 3114  
Average                        | 13.59     | 7621.25   | 1734.38    | 20.46      | 792.88 | 907.55 | 353.92 | 157.16  | 61.06 
